     9996  100.00    1  INT       1      0.00     0.00     10.80       24.40     0.00         0.00         0.00       0.00         0.00
    18607  100.00    1  INT       1      0.00     0.00     10.80       24.42     0.00         0.00         0.00       0.00         0.00
    25382  100.00    1  INT       1      0.00     0.00     10.80       24.40     0.00         0.00         0.00       0.00         0.00
    31711  100.00    1  INT       1      0.00     0.00     10.80       24.38     0.00         0.00         0.00       0.00         0.00
     2038  100.00    1  INT       1      0.00     0.00     10.80       24.44     0.00         0.00         0.00       0.00         0.00
     9906  100.00    1  INT       1      0.00     0.00      0.00       24.47     0.00         0.00         0.00       0.00         0.00
    20248  100.00    1  INT       1      0.00     0.00     10.80       24.42     0.00         0.00         0.00       0.00         0.00
    29170  100.00    1  INT       1      0.00     0.00     10.80       24.42     0.00         0.00         0.00       0.00         0.00
    48592  100.00    1  INT       1      0.00     0.00     10.80        0.00     0.00         0.00         0.00       0.00         0.00
    57127  100.00    1  INT       1      0.00     0.00     10.80       24.49     0.00         0.00         0.00       0.00         0.00
    63895  100.00    1  INT       1      0.00     0.00     10.80        0.00     0.00         0.00         0.00       0.00         0.00
    71107  100.00    1  INT       1      0.00     0.00      0.00       24.51     0.00         0.00         0.00       0.00         0.00
